(1109519,0.15)
(1964735,0.15)
(1870839,0.15)
(105305,0.15)
(539081,0.15)
(839851,0.15)
(1331633,0.15)
(734625,0.15)
(771563,0.15)
(344415,0.15)
(1817865,0.15)
(2192331,0.15)
(2225367,0.15)
(1826313,0.15)
(1970455,0.15)
(133581,0.15)
(1141065,0.15)
(2181975,0.15)
(1837277,0.15)
(846825,0.15)
(2200555,0.15)
(270945,0.15)
(1671211,0.15)
(1242801,0.15)
(2173411,0.15)
(1272219,0.15)
(2105687,0.15)
(583647,0.15)
(1660477,0.15)
(1652947,0.15)
(1057197,0.15)
(1622379,0.15)
(1764285,0.15)
(1852199,0.15)
(1075553,0.15)
(1092067,0.15)
(1830997,0.15)
(655763,0.15)
(2046743,0.15)
(1583309,0.15)
(1114479,0.15)
(852055,0.15)
(1744789,0.15)
(790759,0.15)
(1464811,0.15)
(1390001,0.15)
(669513,0.15)
(1708741,0.15)
(1615037,0.15)
(1060911,0.15)
(137631,0.15)
(145665,0.15)
(134279,0.15)
(1764227,0.15)
(844055,0.15)
(851471,0.15)
(705581,0.15)
(471815,0.15)
(1467707,0.15)
(713809,0.15)
(634387,0.15)
(724689,0.15)
(189389,0.15)
(795871,0.15)
(857763,0.15)
(1349235,0.15)
(151083,0.15)
(894735,0.15)
(1960345,0.15)
(1340035,0.15)
(765063,0.15)
(989847,0.15)
(272533,0.15)
(1092171,0.15)
(1814621,0.15)
(125233,0.15)
(1193077,0.15)
(1814795,0.15)
(1655477,0.15)
(1352391,0.15)
(1318559,0.15)
(325189,0.15)
(829579,0.15)
(1237291,0.15)
(625741,0.15)
(159497,0.15)
(260279,0.15)
(662735,0.15)
(896341,0.15)
(487709,0.15)
(1473477,0.15)
(1955147,0.15)
(2194093,0.15)
(751545,0.15)
(929015,0.15)
(38403,0.15)
(808835,0.15)
(1154989,0.15)
(998593,0.15)
(1584177,0.15)
(857051,0.15)
(1100723,0.15)
(65969,0.15)
(1703999,0.15)
(833131,0.15)
(1170785,0.15)
(671427,0.15)
(1775791,0.15)
(849439,0.15)
(222393,0.15)
(2196555,0.15)
(1064513,0.15)
(1025987,0.15)
(1829637,0.15)
(1034519,0.15)
(1897047,0.15)
(1309513,0.15)
(666893,0.15)
(1191941,0.15)
(1359163,0.15)
(1583797,0.15)
(1527013,0.15)
(998831,0.15)
(1602561,0.15)
(1126105,0.15)
(1585357,0.15)
(1329499,0.15)
(954467,0.15)
(755491,0.15)
(626621,0.15)
(1229175,0.15)
(652803,0.15)
(900061,0.15)
(283645,0.15)
(211545,0.15)
(1682031,0.15)
(788031,0.15)
(800903,0.15)
(621617,0.15)
(1172065,0.15)
(1963829,0.15)
(969463,0.15)
(1915295,0.15)
(252249,0.15)
(1868143,0.15)
(1898181,0.15)
(1414875,0.15)
(1953189,0.15)
(684685,0.15)
(125087,0.15)
(749613,0.15)
(624341,0.15)
(901317,0.15)
(1304907,0.15)
(1690909,0.15)
(750205,0.15)
(514709,0.15)
(1915595,0.15)
(1417263,0.15)
(2211945,0.15)
(1845223,0.15)
(138497,0.15)
(1644339,0.15)
(1310305,0.15)
(360425,0.15)
(1675395,0.15)
(585233,0.15)
(507593,0.15)
(441005,0.15)
(2229401,0.15)
(1108991,0.15)
(2194763,0.15)
(367997,0.15)
(1115923,0.15)
(618523,0.15)
(1948597,0.15)
(1320405,0.15)
(69885,0.15)
(1225323,0.15)
(1093713,0.15)
(40769,0.15)
(1833747,0.15)
(1059037,0.15)
(1660151,0.15)
(796539,0.15)
(2292311,0.15)
(765069,0.15)
(1698167,0.15)
(1901089,0.15)
(427445,0.15)
(806961,0.15)
(1928403,0.15)
(383843,0.15)
(1831979,0.15)
(1831933,0.15)
(1776469,0.15)
(668997,0.15)
(1602183,0.15)
(895427,0.15)
(1955237,0.15)
(1262923,0.15)
(2373041,0.15)
(1200657,0.15)
(1695605,0.15)
(1733103,0.15)
(157935,0.15)
(1251273,0.15)
(1724175,0.15)
(1134355,0.15)
(1671639,0.15)
(1439917,0.15)
(1597538,0.15)
(1461296,0.15)
(63260,0.15)
(354760,0.15)
(909336,0.15)
(2000492,0.15)
(1676908,0.15)
(1131352,0.15)
(161424,0.15)
(823766,0.15)
(1798676,0.15)
(680882,0.15)
(973316,0.15)
(680294,0.15)
(2368440,0.15)
(847464,0.15)
(1755306,0.15)
(757634,0.15)
(199552,0.15)
(238390,0.15)
(1092266,0.15)
(1725558,0.15)
(884252,0.15)
(1094152,0.15)
(1345654,0.15)
(991176,0.15)
(854600,0.15)
(989046,0.15)
(244972,0.15)
(172914,0.15)
(1686860,0.15)
(1814624,0.15)
(1830898,0.15)
(1376844,0.15)
(873462,0.15)
(922470,0.15)
(1515484,0.15)
(248232,0.15)
(1926040,0.15)
(952634,0.15)
(1897098,0.15)
(857170,0.15)
(708506,0.15)
(805614,0.15)
(1861882,0.15)
(291286,0.15)
(1181968,0.15)
(1633768,0.15)
(1729746,0.15)
(1945568,0.15)
(242066,0.15)
(1328338,0.15)
(1382208,0.15)
(1673060,0.15)
(1487864,0.15)
(573818,0.15)
(1825514,0.15)
(1476492,0.15)
(437216,0.15)
(1158552,0.15)
(1362762,0.15)
(1455164,0.15)
(882384,0.15)
(928960,0.15)
(1913208,0.15)
(1469834,0.15)
(2196386,0.15)
(1683674,0.15)
(1237252,0.15)
(932652,0.15)
(291654,0.15)
(2196426,0.15)
(665558,0.15)
(1385088,0.15)
(991114,0.15)
(1344234,0.15)
(1407096,0.15)
(1494336,0.15)
(800866,0.15)
(1805364,0.15)
(1601508,0.15)
(601744,0.15)
(1900506,0.15)
(783204,0.15)
(851614,0.15)
(197386,0.15)
(1042614,0.15)
(1152056,0.15)
(1658626,0.15)
(1618086,0.15)
(498828,0.15)
(1462092,0.15)
(1478600,0.15)
(1347540,0.15)
(1059030,0.15)
(1736184,0.15)
(673992,0.15)
(2060670,0.15)
(1597836,0.15)
(1966150,0.15)
(884414,0.15)
(902016,0.15)
(1359172,0.15)
(1977694,0.15)
(1905162,0.15)
(505894,0.15)
(1469044,0.15)
(847256,0.15)
(794394,0.15)
(1089034,0.15)
(1589476,0.15)
(1255162,0.15)
(83602,0.15)
(680400,0.15)
(1400756,0.15)
(1384160,0.15)
(1639778,0.15)
(32676,0.15)
(497984,0.15)
(1761076,0.15)
(677478,0.15)
(1874918,0.15)
(1206772,0.15)
(1375688,0.15)
(532788,0.15)
(2255726,0.15)
(1429568,0.15)
(804512,0.15)
(247374,0.15)
(1730388,0.15)
(291994,0.15)
(1663144,0.15)
(1758388,0.15)
(1388222,0.15)
(1280358,0.15)
(572176,0.15)
(550772,0.15)
(1832120,0.15)
(1152166,0.15)
(1553402,0.15)
(1222812,0.15)
(487962,0.15)
(184386,0.15)
(1115518,0.15)
(741706,0.15)
(1429912,0.15)
(1896148,0.15)
(1119388,0.15)
(2214298,0.15)
(834790,0.15)
(1952508,0.15)
(745642,0.15)
(1820472,0.15)
(1362650,0.15)
(1147216,0.15)
(1491820,0.15)
(1753564,0.15)
(1710896,0.15)
(1164224,0.15)
(1600344,0.15)
(1314042,0.15)
(387548,0.15)
(1078782,0.15)
(1673418,0.15)
(1359038,0.15)
(745032,0.15)
(1442214,0.15)
(666758,0.15)
(1007538,0.15)
(1186246,0.15)
(668828,0.15)
(666846,0.15)
(620864,0.15)
(472406,0.15)
(935708,0.15)
(581636,0.15)
(335468,0.15)
(123218,0.15)
(1258752,0.15)
(1025742,0.15)
(1455296,0.15)
(1682182,0.15)
(1510424,0.15)
(1461388,0.15)
(243486,0.15)
(1413222,0.15)
(578040,0.15)
(883368,0.15)
(908382,0.15)
(1741636,0.15)
(573742,0.15)
(1290006,0.15)
(1921614,0.15)
(1498568,0.15)
(1307738,0.15)
(556254,0.15)
(1503770,0.15)
(1898928,0.15)
(1417282,0.15)
(624670,0.15)
(670106,0.15)
(1100184,0.15)
(1128688,0.15)
(649494,0.15)
(1954196,0.15)
(1735506,0.15)
(1104204,0.15)
(1334064,0.15)
(895162,0.15)
(1170160,0.15)
(798986,0.15)
(433882,0.15)
(1897274,0.15)
(1601986,0.15)
(1199394,0.15)
(139820,0.15)
(1099022,0.15)
(1019362,0.15)
(48750,0.15)
(1618616,0.15)
(465558,0.15)
(1832160,0.15)
(604960,0.15)
(244338,0.15)
(778838,0.15)
(1004594,0.15)
(1329422,0.15)
(1007084,0.15)
(157202,0.15)
(472982,0.15)
(1775488,0.15)
(1736116,0.15)
