(17499,1.3336249999999998)
(12824,1.3214062499999997)
(3593,1.1391875)
(324908,0.9997486000358443)
(578633,0.9149999999999999)
(25247,0.7566875)
(581410,0.7290625)
(41260,0.66)
(12714,0.6433695652173913)
(528527,0.6217499999999999)
(155133,0.47385)
(30849,0.42837499999999995)
(264525,0.419875)
(384474,0.405)
(36031,0.405)
(25273,0.405)
(281364,0.3455)
(7141,0.30140625)
(494172,0.27749999999999997)
(380200,0.27749999999999997)
(776888,0.27749999999999997)
(1893556,0.27749999999999997)
(1163320,0.27749999999999997)
(90212,0.27749999999999997)
(333616,0.27749999999999997)
(86414,0.27749999999999997)
(817882,0.27749999999999997)
(319158,0.27749999999999997)
(157088,0.27749999999999997)
(270123,0.27749999999999997)
(680781,0.27749999999999997)
(626327,0.27749999999999997)
(1341077,0.27749999999999997)
(246499,0.27749999999999997)
(1833589,0.27749999999999997)
(631247,0.27749999999999997)
(1058697,0.27749999999999997)
(1494187,0.27749999999999997)
(85644,0.2679375)
(220329,0.26086956521739124)
(822670,0.25625)
(1170371,0.25625)
(696495,0.21799999999999997)
(807136,0.21375)
(1245728,0.21375)
(1364416,0.21375)
(441006,0.21375)
(1334065,0.21375)
(1266223,0.21375)
(816447,0.21375)
(1191483,0.21375)
(719643,0.21375)
(488193,0.21375)
(1300579,0.21375)
(1345740,0.1925)
(114424,0.1925)
(852025,0.1925)
(1169205,0.1925)
(1335345,0.1925)
(1661513,0.1925)
(713003,0.1925)
(1599829,0.1925)
(679476,0.1755)
(1032634,0.1755)
(410384,0.1755)
(184280,0.1755)
(123201,0.1755)
(155131,0.1755)
