(1845682,0.15)
(279922,0.15)
(1358452,0.15)
(1722602,0.15)
(648250,0.15)
(78450,0.15)
(1300380,0.15)
(1186990,0.15)
(265806,0.15)
(1459770,0.15)
(1183138,0.15)
(838754,0.15)
(1190598,0.15)
(1406828,0.15)
(1009276,0.15)
(707074,0.15)
(1389312,0.15)
(1343096,0.15)
(305960,0.15)
(2195926,0.15)
(2170664,0.15)
(53012,0.15)
(154444,0.15)
(934888,0.15)
(37890,0.15)
(1202976,0.15)
(566568,0.15)
(715356,0.15)
(838900,0.15)
(577004,0.15)
(561280,0.15)
(1219540,0.15)
(1147208,0.15)
(32222,0.15)
(470180,0.15)
(1444294,0.15)
(1419000,0.15)
(82194,0.15)
(2197920,0.15)
(900360,0.15)
(308244,0.15)
(2150730,0.15)
(454656,0.15)
(878544,0.15)
(11570,0.15)
(759142,0.15)
(12452,0.15)
(838874,0.15)
(1545669,0.15)
(933931,0.15)
(1376695,0.15)
(2199067,0.15)
(1444829,0.15)
(707043,0.15)
(1466791,0.15)
(958433,0.15)
(708817,0.15)
(2302109,0.15)
(399905,0.15)
(1897,0.15)
(542565,0.15)
(838759,0.15)
(118725,0.15)
(122999,0.15)
(1042519,0.15)
(278747,0.15)
(577953,0.15)
(322993,0.15)
(1317011,0.15)
(2199065,0.15)
(224613,0.15)
(2022509,0.15)
(439131,0.15)
(1209157,0.15)
(1376933,0.15)
(1189789,0.15)
(1747177,0.15)
(1963747,0.15)
(125283,0.15)
(1073823,0.15)
(1016341,0.15)
(1233717,0.15)
(1888545,0.15)
(1832243,0.15)
(1249079,0.15)
(572553,0.15)
(163795,0.15)
(491607,0.15)
(439391,0.15)
(904297,0.15)
(2200361,0.15)
(372503,0.15)
(156397,0.15)
(12371,0.15)
(1291143,0.15)
(1524103,0.15)
(219375,0.15)
(619191,0.15)
(904573,0.15)
(2205,0.15)
(2151529,0.15)
