(78545,2.1538074648437497)
(7292,2.0186705468749997)
(297834,1.4246229000537651)
(297830,1.4246229000537651)
(11888,0.9842484374999999)
(325536,0.66)
(11890,0.6008718749999999)
(1343088,0.55959375)
(236389,0.46805937499999994)
(216174,0.38587499999999997)
(99231,0.3741875)
(33627,0.37312499999999993)
(188548,0.3316875)
(76623,0.30937499999999996)
(709559,0.303)
(78471,0.29917499999999997)
(478416,0.29917499999999997)
(1531843,0.27749999999999997)
(346193,0.27749999999999997)
(1300610,0.27749999999999997)
(495530,0.27749999999999997)
(11884,0.25625)
(188545,0.21375)
(1350813,0.21375)
(11678,0.21375)
(609492,0.21375)
(277125,0.1925)
(439209,0.1925)
(193608,0.1925)
(312260,0.1925)
(11893,0.181875)
(566573,0.181875)
(491864,0.181875)
(417956,0.181875)
(478414,0.1755)
(496874,0.1755)
(1053980,0.1755)
(1669648,0.1755)
