(1283942,0.15)
(920752,0.15)
(667824,0.15)
(2059584,0.15)
(906328,0.15)
(1035272,0.15)
(573580,0.15)
(1398254,0.15)
(1342642,0.15)
(226288,0.15)
(1772028,0.15)
(1217350,0.15)
(437262,0.15)
(38456,0.15)
(1921978,0.15)
(38342,0.15)
(1042198,0.15)
(1466287,0.15)
(270945,0.15)
(2361175,0.15)
(722837,0.15)
(847099,0.15)
(339157,0.15)
(718321,0.15)
(406003,0.15)
(89945,0.15)
(517423,0.15)
(1459099,0.15)
(913035,0.15)
(76887,0.15)
(17701,0.15)
(1261517,0.15)
(895347,0.15)
(53219,0.15)
(421517,0.15)
(1295727,0.15)
