(1740769,0.15)
(1652041,0.15)
(845497,0.15)
(466753,0.15)
(530141,0.15)
(1886185,0.15)
(1452591,0.15)
(1673293,0.15)
(14313,0.15)
(1635625,0.15)
(846059,0.15)
(283607,0.15)
(1168345,0.15)
(1778619,0.15)
(1643643,0.15)
(1960395,0.15)
(1857689,0.15)
(1886251,0.15)
(1960719,0.15)
(1834425,0.15)
(1886489,0.15)
(1344421,0.15)
(2196071,0.15)
(1213168,0.15)
(1744078,0.15)
(1921588,0.15)
(1958876,0.15)
(1682258,0.15)
(1899016,0.15)
(1803284,0.15)
(1654048,0.15)
(1926852,0.15)
(1886340,0.15)
(903666,0.15)
(1770124,0.15)
(1751194,0.15)
(1444490,0.15)
(110478,0.15)
(1621132,0.15)
(1919610,0.15)
(1803044,0.15)
(1246080,0.15)
(1837430,0.15)
(1820406,0.15)
