(671615,0.15)
(255829,0.15)
(21485,0.15)
(2214705,0.15)
(42391,0.15)
(1460809,0.15)
(1364717,0.15)
(2143569,0.15)
(506299,0.15)
(469857,0.15)
(679769,0.15)
(791813,0.15)
(1246373,0.15)
(602865,0.15)
(988643,0.15)
(1913563,0.15)
(554543,0.15)
(744983,0.15)
(1478357,0.15)
(1386187,0.15)
(500355,0.15)
(652017,0.15)
(88969,0.15)
(458611,0.15)
(712091,0.15)
(766639,0.15)
(610095,0.15)
(64603,0.15)
(1515089,0.15)
(569713,0.15)
(1340023,0.15)
(376367,0.15)
(1041477,0.15)
(1026501,0.15)
(766645,0.15)
(152195,0.15)
(1685571,0.15)
(1228909,0.15)
(1078869,0.15)
(877551,0.15)
(426131,0.15)
(714685,0.15)
(850689,0.15)
(1829787,0.15)
(219931,0.15)
(276259,0.15)
(1897037,0.15)
(2016063,0.15)
(1768965,0.15)
(209515,0.15)
(1342181,0.15)
(1117563,0.15)
(1725319,0.15)
(608599,0.15)
(856273,0.15)
(1451827,0.15)
(330855,0.15)
(198222,0.15)
(567064,0.15)
(1261594,0.15)
(1410996,0.15)
(1466146,0.15)
(401592,0.15)
(1186504,0.15)
(99364,0.15)
(1231410,0.15)
(1727094,0.15)
(1272436,0.15)
(463948,0.15)
(1140266,0.15)
(1583280,0.15)
(439454,0.15)
(377300,0.15)
(1119726,0.15)
(181338,0.15)
(137090,0.15)
(837838,0.15)
(1441482,0.15)
(1388404,0.15)
(463958,0.15)
(725422,0.15)
(1776630,0.15)
(1203878,0.15)
(1860200,0.15)
(1359718,0.15)
(899264,0.15)
(1661578,0.15)
(1769046,0.15)
(1249836,0.15)
(1649144,0.15)
(54460,0.15)
(620300,0.15)
(267132,0.15)
(1315352,0.15)
(1658864,0.15)
(442812,0.15)
(1411360,0.15)
(73612,0.15)
(1364328,0.15)
(1795696,0.15)
(478264,0.15)
(1045680,0.15)
(112710,0.15)
(832822,0.15)
(61464,0.15)
(676900,0.15)
(1431986,0.15)
(1252034,0.15)
(1898710,0.15)
(426232,0.15)
(425292,0.15)
(1036582,0.15)
(1972490,0.15)
