(1522619,0.15)
(966927,0.15)
(897189,0.15)
(878403,0.15)
(2252735,0.15)
(1919679,0.15)
(311985,0.15)
(2238249,0.15)
(1507525,0.15)
(1455331,0.15)
(914011,0.15)
(1405047,0.15)
(1956017,0.15)
(918751,0.15)
(290625,0.15)
(427199,0.15)
(470239,0.15)
(1031983,0.15)
(1961757,0.15)
(618395,0.15)
(1232409,0.15)
(1334515,0.15)
(1035165,0.15)
(2089753,0.15)
(530287,0.15)
(1559831,0.15)
(290801,0.15)
(2303689,0.15)
(1354115,0.15)
(2040417,0.15)
(2360859,0.15)
(530343,0.15)
(275827,0.15)
(252869,0.15)
(401483,0.15)
(652901,0.15)
(150527,0.15)
(413775,0.15)
(526937,0.15)
(687257,0.15)
(188037,0.15)
(2212317,0.15)
(106079,0.15)
(931,0.15)
(589809,0.15)
(476597,0.15)
(530341,0.15)
(415335,0.15)
(474007,0.15)
(1439525,0.15)
(2360125,0.15)
(1900963,0.15)
(1388995,0.15)
(330369,0.15)
(392745,0.15)
(687747,0.15)
(1684661,0.15)
(1860375,0.15)
(1089515,0.15)
(1255467,0.15)
(2091437,0.15)
(289555,0.15)
(1278489,0.15)
(693117,0.15)
(2076637,0.15)
(238243,0.15)
(1522947,0.15)
(1077497,0.15)
(1231083,0.15)
(647611,0.15)
(2304297,0.15)
(1434561,0.15)
(570545,0.15)
(2235193,0.15)
(606339,0.15)
(611361,0.15)
(465355,0.15)
(248779,0.15)
(1476981,0.15)
(384827,0.15)
(449301,0.15)
(391015,0.15)
(2041887,0.15)
(545121,0.15)
(476433,0.15)
(906917,0.15)
(628765,0.15)
(601513,0.15)
(2356817,0.15)
(1393319,0.15)
(332899,0.15)
(671819,0.15)
(1526583,0.15)
(1598499,0.15)
(75169,0.15)
(2202975,0.15)
(1704425,0.15)
(2283403,0.15)
(784757,0.15)
(1104123,0.15)
(1784471,0.15)
(899207,0.15)
(338489,0.15)
(186019,0.15)
(113441,0.15)
(1302415,0.15)
(153237,0.15)
(768171,0.15)
(721427,0.15)
(38993,0.15)
(666339,0.15)
(1296947,0.15)
(1907379,0.15)
(831381,0.15)
(433623,0.15)
(2054249,0.15)
(659391,0.15)
(386607,0.15)
(2200309,0.15)
(1071149,0.15)
(274373,0.15)
(17003,0.15)
(173003,0.15)
(875337,0.15)
(87937,0.15)
(1678541,0.15)
(1903652,0.15)
(1927974,0.15)
(905204,0.15)
(2239112,0.15)
(33812,0.15)
(1447474,0.15)
(1278214,0.15)
(1291072,0.15)
(1388188,0.15)
(143190,0.15)
(394350,0.15)
(1942832,0.15)
(611328,0.15)
(1559524,0.15)
(1170310,0.15)
(813816,0.15)
(234344,0.15)
(1973540,0.15)
(917092,0.15)
(352384,0.15)
(31418,0.15)
(137888,0.15)
(287096,0.15)
(1409936,0.15)
(618232,0.15)
(1309408,0.15)
(70724,0.15)
(171420,0.15)
(647218,0.15)
(104582,0.15)
(2198946,0.15)
(2360228,0.15)
(41156,0.15)
(1151342,0.15)
(838854,0.15)
(1684240,0.15)
(807888,0.15)
(111812,0.15)
(782480,0.15)
(2100046,0.15)
(1735798,0.15)
(1196138,0.15)
(2366250,0.15)
(493950,0.15)
(1024758,0.15)
(204962,0.15)
(143902,0.15)
(1413788,0.15)
(935574,0.15)
(1183322,0.15)
(2189824,0.15)
(123174,0.15)
(904578,0.15)
(1521068,0.15)
(170678,0.15)
(1185288,0.15)
(137894,0.15)
(1010162,0.15)
(606728,0.15)
(33712,0.15)
(527672,0.15)
(1524752,0.15)
(1166194,0.15)
(2278538,0.15)
(2288074,0.15)
(851494,0.15)
(1272994,0.15)
(1201212,0.15)
(1907394,0.15)
(1161856,0.15)
(1291132,0.15)
(72478,0.15)
(1438390,0.15)
(1284978,0.15)
(651184,0.15)
(1282872,0.15)
(1105690,0.15)
(1224550,0.15)
(463740,0.15)
(126386,0.15)
(2181858,0.15)
(1135744,0.15)
(1011930,0.15)
(957884,0.15)
(75430,0.15)
(114366,0.15)
(883878,0.15)
(70708,0.15)
(1244746,0.15)
(1143982,0.15)
(1101936,0.15)
(1806942,0.15)
(722750,0.15)
(1919862,0.15)
(1127850,0.15)
(2088884,0.15)
(1372618,0.15)
(1905842,0.15)
(430402,0.15)
(1453488,0.15)
(642612,0.15)
(75378,0.15)
(140530,0.15)
(114928,0.15)
(1552414,0.15)
(53666,0.15)
(255816,0.15)
(1227922,0.15)
(2162552,0.15)
(1206,0.15)
(1753314,0.15)
(2090546,0.15)
(883998,0.15)
(26674,0.15)
(1279638,0.15)
(1453060,0.15)
(1069038,0.15)
(311822,0.15)
(1476626,0.15)
(269302,0.15)
(833314,0.15)
(2250442,0.15)
(456162,0.15)
(2199930,0.15)
(1662480,0.15)
(1340144,0.15)
(1069042,0.15)
(1206268,0.15)
(574508,0.15)
