(522098,0.15)
(1889478,0.15)
(1644136,0.15)
(2200324,0.15)
(1428386,0.15)
(356146,0.15)
(755390,0.15)
(1334254,0.15)
(1084784,0.15)
(1730686,0.15)
(1830318,0.15)
(1707018,0.15)
(1639370,0.15)
(1851296,0.15)
(1744896,0.15)
(597250,0.15)
(1830323,0.15)
(1752463,0.15)
(1913947,0.15)
(1296147,0.15)
(1605161,0.15)
(1775535,0.15)
(953977,0.15)
(591403,0.15)
(1014577,0.15)
(1752333,0.15)
(1640543,0.15)
(1370805,0.15)
(234183,0.15)
(1247153,0.15)
(1781945,0.15)
(1752489,0.15)
(1856527,0.15)
(1446103,0.15)
(1191353,0.15)
(1917101,0.15)
(1464691,0.15)
