(1394358,0.15)
(1658872,0.15)
(621198,0.15)
(831348,0.15)
(1090406,0.15)
(155276,0.15)
(1357818,0.15)
(1401074,0.15)
(2163100,0.15)
(777362,0.15)
(1740780,0.15)
(1494376,0.15)
(324210,0.15)
(1321524,0.15)
(1596684,0.15)
(779666,0.15)
(1136702,0.15)
(1592720,0.15)
(1400474,0.15)
(975046,0.15)
(1246330,0.15)
(1674818,0.15)
(1251094,0.15)
(1436792,0.15)
(933494,0.15)
(1357606,0.15)
(22602,0.15)
(1380906,0.15)
(1158110,0.15)
(171550,0.15)
(176188,0.15)
(1024560,0.15)
(448832,0.15)
(1142734,0.15)
(1432690,0.15)
(918662,0.15)
(283592,0.15)
(632584,0.15)
(459860,0.15)
(327594,0.15)
(101706,0.15)
(1616030,0.15)
(1434738,0.15)
(1469758,0.15)
(475890,0.15)
(1616980,0.15)
(232924,0.15)
(269606,0.15)
(1492812,0.15)
(2187028,0.15)
(1793478,0.15)
(124596,0.15)
(1398302,0.15)
(1324300,0.15)
(1616028,0.15)
(711794,0.15)
(653724,0.15)
(6136,0.15)
(403144,0.15)
(625792,0.15)
(1745926,0.15)
(2243638,0.15)
(1823680,0.15)
(1036148,0.15)
(738502,0.15)
(284286,0.15)
(1659946,0.15)
(1894438,0.15)
(656198,0.15)
(1286502,0.15)
(878736,0.15)
(720210,0.15)
(1566782,0.15)
(798391,0.15)
(291879,0.15)
(395923,0.15)
(68473,0.15)
(853847,0.15)
(914751,0.15)
(911653,0.15)
(1573311,0.15)
(1275891,0.15)
(2060719,0.15)
(339783,0.15)
(2247217,0.15)
(1063493,0.15)
(1118881,0.15)
(222903,0.15)
(204809,0.15)
(1921233,0.15)
(1238317,0.15)
(501869,0.15)
(313527,0.15)
(2186947,0.15)
(870561,0.15)
(696305,0.15)
(1293127,0.15)
(777367,0.15)
(81689,0.15)
(1187263,0.15)
(50487,0.15)
(930393,0.15)
(715217,0.15)
(655295,0.15)
(1634429,0.15)
(1235551,0.15)
(1660931,0.15)
(489979,0.15)
(1087621,0.15)
(746737,0.15)
(877505,0.15)
(1416773,0.15)
(1375793,0.15)
(465511,0.15)
(1650461,0.15)
(109039,0.15)
(55431,0.15)
(918103,0.15)
(1412297,0.15)
(323539,0.15)
(2160759,0.15)
(30127,0.15)
(1851627,0.15)
(1705209,0.15)
(63963,0.15)
(1771041,0.15)
(531101,0.15)
(1678287,0.15)
